,total,data,border
0,0.8371905717584822,0.9204961525069343,0.7538849861934932
1,0.31779521824133516,0.39356829331378745,0.2398279754802434
2,0.2623074110409226,0.31167753808426135,0.21010546958205675
3,0.23509944553929146,0.2787304902919615,0.1881955186224947
4,0.2022171289932848,0.23927759446881033,0.16181110011206734
5,0.15536389778358767,0.17784188416871158,0.13057104550828838
6,0.11385709498867844,0.1178610950256839,0.10941304507279637
7,0.09078312529758974,0.08704422203579334,0.09493020365033487
8,0.07749508012725849,0.07076270825634098,0.08493701451354557
9,0.06798142616194908,0.05934520408210128,0.07748655568469655
10,0.06094802408055826,0.05137305021888078,0.07143502178216221
11,0.055481295091937284,0.04554912681230391,0.06630442118403887
12,0.05079019788389254,0.041252457433276706,0.06113102588087621
13,0.047417230527810376,0.03790553467291774,0.05768082926821227
14,0.04404206152516182,0.03521255716079413,0.0535254016744368
15,0.04166747479125707,0.03303133681265995,0.05090365878710843
16,0.039161586136829976,0.030961108309301464,0.04789588860038555
17,0.03710358984994166,0.029346474531021984,0.04533386222942911
18,0.03529896229656056,0.02790574338098969,0.043114830448169904
19,0.03353586409128073,0.026671336587480825,0.040768076261185636
20,0.032229321547830946,0.025651088868728793,0.03913808967730011
21,0.030663545403366136,0.024592856566111248,0.03702019474873639
22,0.029276595704934814,0.02364868042294425,0.03515340598544689
23,0.028249200038386112,0.02307912978259,0.033634216703399264
24,0.027015380128616033,0.022232766630071583,0.03198523452561913
25,0.026192163521743785,0.02183366660969426,0.030711582513770673
26,0.025013256328876573,0.021101307161528655,0.029061710819451497
27,0.024301314162033977,0.020705029462473563,0.028016562789979608
28,0.023527587434709674,0.02023138532960656,0.02692733473624244
29,0.022493498061190952,0.019768740360935528,0.02529970022163006
30,0.02175419358066236,0.019373062659393658,0.024203473344595744
31,0.021159638471976674,0.019039783946642973,0.023337801899572814
32,0.020220204002477905,0.018662671511522448,0.02181902194790768
33,0.019902003402210246,0.018394209237562284,0.02144863253290003
34,0.018968834664032916,0.01804487057255976,0.019915922290899536
35,0.018692047702092113,0.017863898114724594,0.01954052821178027
36,0.017843330053217483,0.01748087712460094,0.018214522249469855
37,0.017540379380336917,0.017264525829391045,0.01782281973371
38,0.016775096945389353,0.01692942524272384,0.016617112115702846
39,0.016419639481664305,0.016756877773488412,0.01607442275630404
40,0.01587431129030507,0.01640492355958982,0.015331109694082929
41,0.015522957421989754,0.016233270602169062,0.014795688846421361
42,0.015165728356952618,0.015991461331570388,0.014320108409256044
43,0.014924620513362115,0.015942067829797967,0.013882392434158711
44,0.014091126752471683,0.015412480796151089,0.012737132985182482
45,0.014048101032397361,0.015352248157741446,0.012711119217177233
46,0.013884178663820329,0.015239746027597876,0.012493845414031635
47,0.013354608459830886,0.01487544182725627,0.011794023639099165
48,0.012995467784654612,0.014702938741656265,0.011242411005301307
49,0.012878374657546631,0.01460084327581254,0.01110881742917829
50,0.012471096477273739,0.014320639865190693,0.010569799296332128
51,0.012552383553349611,0.014242851438772196,0.010813432651562522
52,0.012097802577596722,0.01398309160287332,0.010157250234800758
53,0.011760003196846957,0.013794144276868214,0.009664784326697842
54,0.011777918390703924,0.013661128280665537,0.00983669420685431
55,0.011547592543818132,0.013532533771311394,0.009500087850322627
56,0.01159265593183462,0.013490782467403798,0.009633267698150993
57,0.01096548360179771,0.013130972970916767,0.008728545464838694
58,0.010960614101754295,0.013038026912119052,0.00881292140863911
59,0.01085572394382472,0.012943261425302487,0.008695900440216064
60,0.010653185658156872,0.01269321520859846,0.008540879563437869
61,0.010510480417070365,0.012608551062794045,0.008336437094693233
62,0.010326230757390007,0.012459215096602536,0.008114287276949846
63,0.010226795581555126,0.012312391180206429,0.008062278160430265
64,0.010244991498613598,0.012231548542551922,0.008181666527319737
65,0.009963656690987673,0.012096785084165708,0.007746476209675422
66,0.00985538185282488,0.011938460792104403,0.0076885076822957605
67,0.009950646490912245,0.011832208419689025,0.00799188536187314
68,0.009589481054607666,0.011724511114410077,0.007365325291763351
69,0.009584897178968396,0.011632132005285133,0.007450510108034418
70,0.009322760278603645,0.011448565710599374,0.007104781813769027
71,0.00933526379216199,0.011361195376575595,0.007219820786643811
72,0.00944753825626891,0.011321183802051977,0.0074896484500531
73,0.009018992798195945,0.011149481127057412,0.006791191551871974
74,0.009279702893561788,0.011132880941861205,0.007340346279582291
75,0.008847951174083383,0.010942251543806058,0.006654780607369512
76,0.009015121384326256,0.010910171008847579,0.007029069606402908
77,0.008766002717870052,0.010755395723713769,0.006679634356664287
78,0.008707594408681898,0.010643990898523668,0.0066753200847994194
79,0.008739237988725154,0.01056531753692061,0.00682138352927686
80,0.008506388088330777,0.010532451887624432,0.0063770885127737665
81,0.008469101939952433,0.010377808417560476,0.0064616425508501555
82,0.008561717242830329,0.010376395366032316,0.0066518191897282095
83,0.008297142323407562,0.010183801037268807,0.0063101803611098515
84,0.008334400983659005,0.010163862305232372,0.006406349322824466
85,0.008243415880985934,0.010063338723748622,0.006324142490447771
86,0.008229288789961074,0.010091261637180743,0.006264374342116743
87,0.008090366562358056,0.009845355638500416,0.00623709735733391
88,0.008015744703247993,0.009858070082510963,0.006069015880877321
89,0.008151139683005485,0.009815302065978146,0.006391492286565328
90,0.007953064332744389,0.00972107144994567,0.006082503219144513
91,0.007870428395843265,0.009624586497066599,0.006013333519939521
92,0.0077371327817966845,0.009542273470398151,0.0058248547761879784
93,0.00779497218929758,0.009497719355905898,0.005989984924331157
94,0.007693804264294378,0.009411579035598822,0.005871774402983261
95,0.007633978251668841,0.00933817516297403,0.0058252332929634686
96,0.007841987290767708,0.00945845271714709,0.0061253050266943795
97,0.0076261000905298824,0.009225536928032383,0.00592652986277685
98,0.0074144666779297165,0.009090744739755838,0.005632232004456749
99,0.007529012388502708,0.00914832835810052,0.005806307148451757
100,0.007408535550113278,0.009036209735304418,0.005675940727344667
101,0.007353772573888001,0.008994623651784477,0.005606137916934911
102,0.0072784678389628725,0.008908482494227814,0.0055413591402648675
103,0.007381561038206623,0.008920507166873325,0.005740549725790818
104,0.00720194350420074,0.008783240962510158,0.005514859475872733
105,0.0074515070606286475,0.008826594790349704,0.005983604889626455
106,0.007108552202657618,0.008758014331411833,0.005346925830412091
107,0.006952707044253445,0.008559770242433356,0.005235350982408331
108,0.007319103136207118,0.008711698323939785,0.005830080445968743
109,0.006875691516795243,0.008518353593770903,0.005118443879929155
110,0.0069893700954965264,0.00850254771384326,0.005369688548862633
111,0.006929930125485466,0.008418315673491569,0.005335937987900142
112,0.007082102514540005,0.008425229802878216,0.005642923629946179
113,0.00686474469010577,0.008358157531480597,0.005263797327349282
114,0.0069159254610463225,0.008348400902115938,0.005379498193059305
115,0.0067135317749673065,0.008211096856893614,0.0051064925230663236
116,0.006806865108735634,0.008243361149321903,0.0052645470279109
117,0.00685781536322802,0.0082587009258192,0.00535297840645518
118,0.006625989880036525,0.008100811551992942,0.0050409630016245025
119,0.006834823144317576,0.008132612008149877,0.0054393372865337315
120,0.006524002466426052,0.007958017604783027,0.004981354683298956
121,0.006653465104825569,0.007983096433107299,0.005222393279763485
122,0.00664529124876917,0.007969171646041702,0.005219760557843579
123,0.006422665224156596,0.00787135058863446,0.004862041781759924
124,0.006547995382035622,0.007859318503037546,0.0051346305908277785
125,0.006558256200279551,0.00785557341037525,0.005159361095101845
126,0.006465250155841461,0.007757182251850162,0.00507154811474711
127,0.006477274165272412,0.007792329199311107,0.00505800164220008
128,0.006226367307732804,0.007623304326011978,0.004718047054014122
129,0.006396785425492609,0.007706724554112162,0.004981711172884462
130,0.00687098867175254,0.00803903889644778,0.005608626773035285
131,0.00618100365285169,0.007543422601590253,0.004708018544308766
132,0.006256983911787922,0.007513996218378195,0.004897319415414875
133,0.006212576184271261,0.007483012899003848,0.004837805475813873
134,0.006399626697818137,0.007618272032663979,0.00508033059010602
135,0.006078423998045801,0.0073988860604738945,0.004648320184023392
136,0.006449015599421479,0.007607437656119917,0.005193836707151448
137,0.00614328719111103,0.007335671510622658,0.0048508177878278675
138,0.0061487372202629394,0.007386373911015313,0.004806682140557001
139,0.006051892758055468,0.007328063437733987,0.004667474643675366
140,0.006133697508373345,0.007364153448078368,0.004798291443912971
141,0.006057009397243912,0.007216175547753921,0.004798453127156303
142,0.006090790014525857,0.007260549319625804,0.004820243264971809
143,0.006063720949859631,0.007199516073057447,0.004829585982599493
144,0.0059413125343395,0.007133424719513366,0.004645498594118639
145,0.006022407790890547,0.007171126233056338,0.004773263356206242
146,0.005941704367146347,0.007116921227237191,0.004663260688892368
147,0.006024462730633189,0.007109258455610034,0.004843919326297261
148,0.005881319645641729,0.0070610222020986105,0.004597041118570199
149,0.005790466127559693,0.006945794664624363,0.004532226234335791
150,0.005972164828857087,0.007060220460360399,0.004786732733588327
151,0.005764804559411725,0.006930807586571183,0.004493999741783347
152,0.0058508093863951435,0.006910394881899008,0.00469553754711994
153,0.005646812894165215,0.006813245364511856,0.004374608724387457
154,0.005811197386885231,0.006870939847872112,0.0046549067747863855
155,0.005839784902454626,0.00683723193019478,0.004751092105200796
156,0.005674974197954542,0.006736558927881597,0.0045159104294284725
157,0.005767767755032489,0.006827715492685034,0.00461009085517038
158,0.005508111342975889,0.006684959762626224,0.0042223129562582035
159,0.005755277322323033,0.006810647924665851,0.004601747237352861
160,0.005690745769463705,0.0066875761722901255,0.004600829174365811
161,0.00555771357389261,0.006607302901984164,0.004409746937171528
162,0.005577990963979803,0.006609256064161809,0.004449681273068894
163,0.005577659403735941,0.0065988953733308745,0.004459950670769269
164,0.005579384537695935,0.006583006365807971,0.004480593560282329
165,0.005481590733233124,0.006535830808746995,0.004327011231163686
166,0.005568253817130821,0.006493456332445747,0.004554644495135907
167,0.005400471271702436,0.00648404099047184,0.004213021651869922
168,0.005437117248698316,0.006449586222644406,0.004327189847544739
169,0.005602363464093268,0.006538255271887538,0.004576049669824465
170,0.005411116453358019,0.006344323808496649,0.004387449136831694
171,0.00534944049543654,0.006395403140534957,0.004201752738086413
172,0.0053323156887082135,0.006322790548732185,0.004245142062015907
173,0.005501989129403926,0.006402116645165164,0.004513669620277454
174,0.005216999426295962,0.006228602975795064,0.004105974047567055
175,0.005640020133043179,0.006443657681835119,0.004757111607533362
176,0.005102048030668738,0.006177974573214247,0.003919717154907759
177,0.005504736996660329,0.006352673910294819,0.0045726102743899886
178,0.005198402137429726,0.006194967922350072,0.004102611528577829
179,0.005477959276035879,0.006226322721840457,0.004654819397443924
180,0.005080459672355592,0.006057512076251736,0.004005553468948964
181,0.005393945080500962,0.006257160966557385,0.004443977947694936
182,0.004996325961793914,0.006006252664997421,0.0038846132411348698
183,0.005231513439517731,0.006087571660037896,0.004288866537425554
184,0.005285344166549469,0.00615969549563497,0.004322303019257056
185,0.004967900684498476,0.005951643408737098,0.0038840837654366034
186,0.005282385683985371,0.00608892154625871,0.004393518803584756
187,0.0049999835806889366,0.005921264386011494,0.003984417938015828
188,0.0052190857628981275,0.006041626657613299,0.004312101041314879
189,0.005131677357536374,0.006010447059654527,0.004162453314891517
190,0.004997272110271333,0.00585424206737015,0.00405183643328421
191,0.0051271256689697205,0.0059657326212736094,0.004201704772621996
192,0.004994793136538279,0.005863369371967785,0.004036057564063054
193,0.005118384171804094,0.005945117513865533,0.004205589860000394
194,0.004952306826269686,0.005773662772932739,0.004045224734440897
195,0.005014377617926309,0.005865330022355222,0.004074376560935769
196,0.005252420234333987,0.005933005259268814,0.004500420199650706
197,0.004858487299784567,0.005752623885531317,0.003870346204782225
198,0.004894107495519248,0.005719635122916614,0.003981531729376075
199,0.005177202540440391,0.005928660606532687,0.004346298592428517
200,0.004657935619241361,0.005552268238982769,0.003668841691875849
201,0.004839302487483229,0.005622620835448756,0.003972737904111243
202,0.004999369246452444,0.005780250285611008,0.004135300424138103
203,0.004992534406483173,0.0056945101517920545,0.004215599124724365
204,0.004806728732555804,0.0055903021594264895,0.003939311137667509
205,0.004743431962913636,0.005571129346134687,0.0038269548371170805
206,0.004796954972500151,0.005581291138448499,0.003928269697071025
207,0.004941708530590992,0.005669795414150664,0.004135133816173884
208,0.004675682243712322,0.0054788521039440775,0.0037857452501552273
209,0.004791189036849473,0.005548519458659369,0.003951838919704761
210,0.004750064009744109,0.005507382046845224,0.003910541414480769
211,0.004768661980639503,0.005510120455062751,0.003946538294919513
212,0.004881009026759803,0.005544535580533322,0.0041451364957887414
213,0.004737299387202118,0.005491227541833815,0.0039010177662765436
214,0.0047146069036439215,0.0054682098761802975,0.003878501227426559
215,0.0046010096181146425,0.005332472292010231,0.0037892891159939644
216,0.00464111396271472,0.005375816453850329,0.003825623911306864
217,0.004718249743672634,0.005411456729464158,0.003948652140814999
218,0.004650891109397917,0.005366428882222284,0.003856347170611373
219,0.004691337503379945,0.005379075151538909,0.003927505732692703
220,0.004538082244871843,0.005272239084459013,0.0037225386494714203
221,0.0047552087908667145,0.005379010598655,0.004062104175300008
222,0.004569520868097592,0.005300125069539956,0.0037576140285554257
223,0.004528767471625047,0.005224883970287111,0.0037550207561427595
224,0.004622848934936102,0.005317681426690383,0.0038503767696745467
225,0.004587537797186712,0.005245969320336978,0.0038553890560499644
226,0.004581401853662247,0.005208767404911494,0.0038836702911390197
227,0.0045100847268571154,0.005218163461922997,0.003722455289045518
228,0.004515201351934612,0.005154083600512358,0.0038043963581775174
229,0.004522854702152086,0.005216253272285967,0.0037512615172549933
230,0.00453514467473283,0.005143490629364746,0.0038580614509004536
231,0.0045169077653701255,0.005198896312239495,0.0037577384730067215
232,0.004381351125887548,0.005044908563822809,0.0036425573017561073
233,0.004589615836551394,0.005164877596226605,0.003949008566901238
234,0.004492846082406815,0.00515043337105049,0.003760454496556912
235,0.004336963228956618,0.004993091384419287,0.003606063433725274
236,0.0043689037174588505,0.005024095319888808,0.003638912961263247
237,0.004407312325907476,0.005034414642123562,0.0037084881056363536
238,0.004421601335358138,0.005032078372408645,0.0037411872669113706
239,0.004406715197620367,0.005038321098181034,0.003702637255003657
240,0.004452999168536579,0.005007701770712932,0.0038345426396288055
241,0.00429042438609582,0.004937969529154626,0.0035683538016834946
242,0.004313874359458986,0.004947052224341667,0.0036076964396569463
243,0.004364884171559654,0.00495578208938241,0.0037057454029869553
244,0.0043217168904539915,0.004934028934010051,0.0036385838939535496
245,0.004362742110823441,0.004956767715588965,0.0036999016195874324
246,0.004292746634231974,0.004854020676716711,0.0036663526782032213
247,0.004348609441270431,0.0049398696953148555,0.0036886551633778246
248,0.004219010850941443,0.004818410612642765,0.003549866900412422
249,0.00431670139854153,0.004881582481579648,0.003685990889377967
250,0.004280602272524677,0.004860538180277805,0.0036329885784800006
251,0.00424188601718557,0.004812928222383213,0.003604106485109889
252,0.00421886673347667,0.004797223597915486,0.0035728213584257495
253,0.004338746928054877,0.004874911173387911,0.003739741031136928
254,0.004177562944177125,0.0047509086158389995,0.003536932882993962
255,0.004294336587660993,0.004810241121572979,0.003717800900998591
256,0.0040996806964165335,0.004705574622170793,0.0034224957255928807
257,0.00421580476357103,0.004769373685121536,0.0035969985512583845
258,0.004233445292526875,0.004753590029937149,0.003651920367370952
259,0.004143495660632698,0.004683456849306822,0.003539738936744856
260,0.004197633140861537,0.004753051382122618,0.003576507551990675
261,0.004097902486477085,0.004638532129577314,0.003493229564599166
262,0.004246043996189279,0.00477082778069407,0.003659012562811676
263,0.004072412542735386,0.004597345484665247,0.003485138196441712
264,0.004151898647912524,0.004674100542836117,0.003567602200847533
265,0.00406919043943888,0.00459961084686596,0.003475621516694023
266,0.004201236738343582,0.004691298707679968,0.0036527583765976054
267,0.004015862217379941,0.004553912569665247,0.003413606569114508
268,0.004167531280674868,0.0046369105605690766,0.003642067934075991
269,0.004025391354742978,0.004557093727694015,0.0034300955130031918
270,0.004107548427213021,0.004601508195540218,0.0035544343603154025
271,0.004030094980591476,0.004521238354194646,0.0034800702118023175
272,0.004120826255530119,0.004621831737834998,0.003559690053490075
273,0.0040310170463841374,0.004527055601956266,0.003475377239719635
274,0.0040195598431646525,0.004538782895777864,0.003437880320813168
275,0.003980674933773851,0.004457267678596757,0.0034466847434000236
276,0.004039492667417484,0.004526629281992262,0.0034936270394334288
277,0.003979216602565062,0.004481995487679737,0.0034157579995202597
278,0.004050141503808625,0.00450999838196569,0.0035347208272515224
279,0.003993323750116609,0.004460513671728397,0.0034696300081306637
280,0.003993954902251411,0.004467209739930401,0.0034634057112564944
281,0.003929771259521144,0.004398142787242177,0.0034046377069457913
282,0.003956823581547448,0.004420470512199281,0.003436930369435236
283,0.003950405755371909,0.004413794246361111,0.003430746446335406
284,0.00396877348733445,0.004426209467717193,0.0034557350915903695
285,0.003999834435737946,0.0044504101011864465,0.0034944376898835405
286,0.0038737451064993034,0.004332978339545956,0.003358584689917137
287,0.0039170111571861935,0.004339538326468131,0.003442976995361875
288,0.0039198721048770225,0.004379493165573086,0.0034041757544860094
289,0.003918027251281522,0.004376315267173329,0.0034037724494783567
290,0.003929935473327835,0.004336017757804707,0.00347421368621666
291,0.003851870479382048,0.004313417686845618,0.003333861179969678
292,0.003899867201901295,0.004330057744877507,0.003416998133138575
293,0.003855777991408802,0.00428947319060263,0.003368929327192782
294,0.003933634037490596,0.0043509807578767795,0.0034650927644712154
295,0.003782868477036104,0.004242301104834887,0.0032670340768880014
296,0.0038869238547943157,0.004309324829867392,0.003412616112260054
297,0.0038145885595844854,0.004250175625349235,0.003325429441633098
298,0.003827180341826846,0.004231829158585481,0.003372719913551753
299,0.0038833428136628083,0.004270596105153813,0.003448383471072473
300,0.0037945098163691734,0.004210700351519115,0.0033270130851164913
301,0.0037896228328610612,0.004209579655317345,0.0033178531348404257
302,0.0038237816000338456,0.0042481228586926005,0.0033470432372820196
303,0.0037721670514932184,0.004171367325453144,0.0033236325746684365
304,0.0037922474339303343,0.004196786942581336,0.0033376763428965904
305,0.003809660983582338,0.004192112093659664,0.0033798733810809526
306,0.003742314014358051,0.0041417966977777805,0.0032933534480480836
307,0.0037717471026222815,0.0041777235079519075,0.0033154512609759666
308,0.003769027478428501,0.004165653249888559,0.0033232034960140786
309,0.0037762266019302788,0.004164757924342547,0.003339465427673375
310,0.0037085630065488693,0.00409700763129601,0.003271865653758398
311,0.003767597752463336,0.004153532886200331,0.0033336875847343244
312,0.00369183084635873,0.004075070873674268,0.003260917571194545
313,0.0037593915258919953,0.004145810738055393,0.0033248703399992954
314,0.0036888687490400944,0.0040762507135631764,0.003253230225351272
315,0.003713014413311024,0.004073750008970048,0.003307310097634491
316,0.0037311808808208114,0.004096867347305471,0.0033198814801495484
317,0.003709336796850719,0.004087746166859312,0.003283697683740445
318,0.003689835619444799,0.004048221483544418,0.003286689364661773
319,0.0037050539077344265,0.004059406006802814,0.003306418796060513
320,0.0036231155479044624,0.004015278854322704,0.0031819166450977624
321,0.0036622085326323004,0.004031601434836936,0.003246592075535745
322,0.003773893109720313,0.004093538908607731,0.003414223622060334
323,0.0035797982227358254,0.003963640876904581,0.0031478730067987033
324,0.003636901137522525,0.003995018037544055,0.0032338924880017236
325,0.003783957211940427,0.004097141285492766,0.0034314900909484638
326,0.0035326618282594765,0.003929022553781367,0.0030865647613701193
327,0.0036153839242578758,0.003953100247967123,0.00323525832429754
328,0.003595740306238183,0.003955390692378084,0.00319090128565828
329,0.0036989408404086575,0.004020857808151932,0.003336551848497957
330,0.003594597371182207,0.00393759829434331,0.0032084544066979426
331,0.0035737924621148842,0.003941307982636822,0.003160025661039834
332,0.003620289287275889,0.003939299905352822,0.003261105813594027
333,0.0035792747606532742,0.003920155506806843,0.00319544768967487
334,0.0036212191799410965,0.003952250695984923,0.003248459610128493
335,0.0035332020706111433,0.0038752944956561832,0.0031479660590941257
336,0.003644828853959387,0.003971896757550462,0.003276489787932598
337,0.0035714423495598817,0.00387940911171638,0.0032245957532502484
338,0.003533808192275841,0.0038493744172908443,0.0031783865938772157
339,0.003569178059791224,0.003908169639268608,0.003187352619745364
340,0.0035555719379147498,0.003879360210225739,0.0031908487458948537
341,0.003512591441077265,0.0038359883368353953,0.0031482897407252982
342,0.00357103747353334,0.0038914628388040293,0.0032100637015331575
343,0.003521391543362177,0.0038266339212317357,0.003177504288032651
344,0.0035346393600444903,0.0038506471260328487,0.0031786067340748778
345,0.003506761890920726,0.00382349868257991,0.0031498900116092026
346,0.003560524551442476,0.0038640391236792007,0.0032185330667128466
347,0.0034503735028056787,0.003765709620590011,0.0030950452342177882
348,0.003510868830625156,0.003811344196267351,0.003172268644163404
349,0.0034879891912104805,0.0038093262742452247,0.0031258644009328853
350,0.0035158142922540204,0.0037924137196945723,0.0032040880607309367
351,0.0035110282913941625,0.0038033121176101643,0.0031816155456872
352,0.003497416694469825,0.003791677471570144,0.0031657617097024366
353,0.003484045858541974,0.003782132188930656,0.0031480648404344767
354,0.0034495645174474425,0.003751130522971954,0.003109647339736723
355,0.003481998018958051,0.0037764838421623214,0.0031500452320383054
356,0.0034254307886867814,0.0037240962817738153,0.0030887528967037045
357,0.020842822329752674,0.019313627922192517,0.022566722012171993
358,0.005904672632106777,0.006708605765280398,0.0049994197448320465
359,0.0034666012459895527,0.003930489788998408,0.002944142230776976
360,0.003355236335967978,0.0037770979600309424,0.002880055711350658
361,0.003308356652563118,0.0037120013107366937,0.0028536492356597775
362,0.003283639344377349,0.003675590017622318,0.002842064029678251
363,0.0032671091236136478,0.0036507661059273014,0.0028348393277312168
364,0.003254037362175307,0.0036311305852399934,0.0028291257789753604
365,0.0032454211796361086,0.0036161790244431807,0.0028276138191083164
366,0.003237037230377095,0.00360312479350603,0.0028244597823217964
367,0.0032292053366851326,0.0035918216983025723,0.002820506931818796
368,0.0032268467293393734,0.0035841442630485153,0.0028241119027664565
369,0.003234310680059622,0.0035800675348839676,0.002844555305806224
370,0.00326762663557975,0.0035899173247279843,0.002904297247754805
371,0.003292864219125624,0.0035974301369578548,0.002949496122039478
372,0.0032778715578406447,0.0035894434085360382,0.0029265871835928974
373,0.0033032003780732854,0.0036047057676684073,0.002963247118668273
374,0.003318852707367353,0.003603768175129186,0.0029975889495225867
375,0.0032621783514817557,0.0035629810652498045,0.002922985730974963
376,0.003335511815179177,0.003601319394121417,0.0030357657268530493
377,0.0033153740529234363,0.0035921348578701116,0.00300326608968052
378,0.0033326880286701703,0.0036054307129234076,0.0030250988543184115
379,0.00333293388842257,0.0036098275573529077,0.003020651765506376
380,0.003374823597212783,0.0036325553935397455,0.0030841411448864625
381,0.0033368221295978686,0.0036013273573997947,0.003038492528815763
382,0.003333081794676907,0.003608332427143298,0.0030226218467107927
383,0.0033154916159357085,0.0035847811559873697,0.0030117444552932725
384,0.0034016310496048797,0.0036663673183118754,0.0031030089029985847
385,0.0033356756668048676,0.0035992202541856753,0.0030383882536129518
386,0.003320514407911987,0.003589404902110497,0.003017186951550721
387,0.0033730931904618487,0.0036131843943336996,0.003102244148407169
388,0.0033461312537617755,0.0035791685287323263,0.0030832339802549947
389,0.0032720892981748387,0.0035454072058200836,0.002963744383775676
390,0.003360081155963167,0.0035989204906115325,0.003090622985378058
391,0.0032718508984103346,0.003545466885723249,0.0029631516534007257
392,0.0033275625795464625,0.0035633828815524325,0.003061494488984045
393,0.0033042150728329264,0.0035535006271204864,0.003022949481759258
394,0.003313403872942383,0.0035490071321037982,0.0030475682578980923
395,0.003303994027182761,0.003535832134969156,0.003042401931709563
396,0.003333498846099834,0.0035726879488187607,0.0030636068767482282
397,0.003250311088814127,0.003497528573121838,0.002971353242173791
398,0.0033462271235431685,0.003587859903810301,0.0030735637710401506
399,0.0032591730534955107,0.0035050761829497237,0.0029816849185436063
400,0.0032779237589413168,0.003505155380645936,0.003021498615242014
401,0.003257511788038443,0.0035005933628652736,0.0029831955872588987
402,0.0032718514863665058,0.003503069081672966,0.0030109169375565317
403,0.0032504691784693437,0.0034907167081278984,0.002979338550093499
404,0.003256802461251165,0.0034877407138772082,0.002996172130371284
405,0.003229832354312142,0.003463848345828327,0.0029657228562905633
406,0.0032573651658803827,0.003468313054510891,0.0030192848262047827
407,0.0032266165186284165,0.0034594942787379928,0.0029637824410027025
408,0.003235297119997517,0.0034526994903430796,0.0029899246256911392
409,0.003220507080168134,0.00344347238841683,0.002968851820274134
410,0.003253623669158028,0.0034797542159342104,0.002998391462659294
411,0.003230916550194826,0.0034309277696666692,0.003005160994808933
412,0.003206769721770678,0.0034306756093759427,0.0029540418393232608
413,0.0032054598659577997,0.003425274429974532,0.002957345452159643
414,0.00324381243512787,0.003466009164718215,0.002993004831645374
415,0.003203149160577191,0.0034123709768696564,0.0029669838811675407
416,0.0031883996520944017,0.003398638813652926,0.0029510829569489665
417,0.003209187665653199,0.0034146411697182693,0.0029772694523662628
418,0.003172290019897951,0.003386353344816451,0.0029306515646778573
419,0.0031804463807305304,0.003379972287068012,0.002955214094577564
420,0.0032384922243466584,0.003440658256148148,0.0030102783889331
421,0.003154433174811379,0.0033663730560378594,0.0029151842957644753
422,0.0031640733112439966,0.003367114372344481,0.002934866217952786
423,0.003170351399052324,0.0033695095411567675,0.002945524955525844
424,0.0031613626733723314,0.0033579396690721765,0.0029394486095906808
425,0.003165690755151739,0.0033610579534198597,0.0029451409519433676
426,0.003180345238158197,0.003376747173435911,0.0029586256020749458
427,0.0031516663683108007,0.0033422193791002334,0.002936547760842274
428,0.0031418087915752574,0.0033305331058047635,0.0029287537785642075
429,0.0031447314676085504,0.0033490605054968836,0.0029140590675965404
430,0.003181291814667709,0.0033799793448938864,0.002956985731167023
431,0.0031359822987908066,0.003308991626413031,0.0029406638279783
432,0.003138051831605609,0.0033162650675748035,0.0029368591941704957
433,0.003106508260555189,0.003292478397582667,0.0028965582981743294
434,0.0031340343694230824,0.0033106168407495275,0.0029346816726217063
435,0.003116619154679203,0.003295019638226038,0.00291521330317012
436,0.0031251120263466026,0.0033179347313978154,0.002907424671293208
437,0.0031090943128660774,0.003286376146298617,0.002908949895451466
438,0.0030924608187768796,0.0032735778997191275,0.002887987087226727
439,0.0031771638425951354,0.0033302732479918483,0.0030043087735057176
440,0.0030342233320227777,0.0032291761622999355,0.0028141313938028884
441,0.008442478694228662,0.008032613076420144,0.008905200395883635
442,0.0042980224543222876,0.0045543523961584075,0.004008746181492402
443,0.00299878590599154,0.0032478041166082174,0.0027177601257771856
444,0.00296360412095156,0.0032008567853181653,0.0026958466747380567
445,0.002955228913424894,0.0031854348125481846,0.0026954161873407136
446,0.002943953781416922,0.0031706033994189716,0.0026881485152048896
447,0.002935279235996381,0.003159205090593208,0.0026825411960181562
448,0.00295278514650735,0.0031665250484953925,0.00271153754808686
449,0.002972179219465364,0.0031736784125443057,0.0027447430666235058
450,0.003000995454688867,0.0031887208925315525,0.002789102779287431
451,0.0030110120288839547,0.003198870408320517,0.002798967646679493
452,0.0030117215579281553,0.0031999573746526785,0.002799249757457562
453,0.003031532891621493,0.003205209450720988,0.0028354934078048577
454,0.003036904793157421,0.0032042113527881375,0.0028480551525423624
455,0.003026612712107975,0.0031991937066042663,0.002831810626737548
456,0.003031118730591102,0.0032021546068441388,0.002838059867064309
457,0.003024366947662349,0.0031876591212972247,0.0028400488969201995
458,0.0030277594288980417,0.003200255531930562,0.002833053403806807
459,0.0030417206339688613,0.003199057966339016,0.002864125038901664
460,0.0030220936033686606,0.0031863676050132273,0.0028366696494019996
461,0.003037401839545128,0.0031928042740081296,0.0028619919080437733
462,0.003019531527910419,0.0031882953392623954,0.002829041141508655
463,0.0030354859561405397,0.0031887168473930974,0.0028625283827722974
464,0.003050062052830301,0.003208369148349521,0.0028713759707493913
465,0.003012427385200304,0.0031625035576371835,0.0028430332025193203
466,0.002998037383694089,0.00316409560419017,0.002810605799290116
467,0.003046055044508492,0.003182218631146231,0.0028923663258966473
468,0.00297714654600831,0.0031342380868289808,0.0027998383886020895
469,0.0030493522039379433,0.003193701187035803,0.002886427498206195
470,0.0029891578885115158,0.003132706025916368,0.002827138639986515
471,0.0029969732535796035,0.003144597246622046,0.0028303559243942453
472,0.002976899543269114,0.003131376388906078,0.0028025490852693715
473,0.0030362312329199276,0.0031600953620679753,0.0028964326378296723
474,0.0030061715950418,0.0031460358907064103,0.002848317954839781
475,0.0029624988456642388,0.003107991325904173,0.0027982950483382953
476,0.0029948786103326562,0.003131700503272992,0.0028404621995345813
477,0.0030209547205066137,0.003150583898667434,0.00287465837012713
478,0.0029542301640366063,0.003099220927165012,0.002790599555774319
479,0.0030067975496440523,0.0031441816980150913,0.00285175273129058
480,0.0029541264626790176,0.0030867300076278473,0.00280447923013884
481,0.009162797576117546,0.008863368238595248,0.009500708134675568
482,0.0070413104681806135,0.00798209178769453,0.005979994982198784
483,0.002944266160178666,0.0031637336066312562,0.0026966220054850734
484,0.0028803546635452846,0.003079554559945157,0.0026555759432452795
485,0.002856337194886021,0.003049265087648022,0.002638632081204442
486,0.0028428689840089795,0.0030299739893337695,0.0026317321003950906
487,0.0028338712931732938,0.0030174283428362225,0.002626735693539935
488,0.0028348599344190924,0.0030109902509873865,0.002636102931291768
489,0.0028825987746581585,0.0030248336061233223,0.0027220904065126724
490,0.0028735469777438076,0.003018723022324419,0.0027097210386824427
491,0.002923332458136208,0.003041121330243921,0.0027904132371674283
492,0.002887978590084146,0.003030502378489032,0.0027271498211029204
493,0.002871641009632084,0.003015239718323103,0.00270960069346157
494,0.002909691310534724,0.003027167505198958,0.002777129722138246
495,0.0028722165975569175,0.003012533327846816,0.0027138845891588265
496,0.002908597970757671,0.003035231354655792,0.0027657072906467047
497,0.0029112925644813464,0.0030423732512075492,0.0027633857903908
498,0.002899654103781689,0.0030196365180679345,0.002764272341278918
499,0.0028897613343415837,0.0030292619861700017,0.002732359604307949
500,0.002895354749540789,0.003014665141682884,0.0027607346019434807
501,0.002900842850030673,0.0030203503956359747,0.0027660037193334465
502,0.002893293419890482,0.0030230654337716225,0.002746874990995334
503,0.0029082735906345676,0.003033622182115461,0.002766848760515903
504,0.0028904258800350655,0.0030206655566063193,0.002743485073248545
505,0.002891853665744867,0.003020386230388675,0.002746840383895118
506,0.002954674153259457,0.003064580804978808,0.002830676847335064
507,0.002874303282229136,0.0030050553437886815,0.002726792059180261
508,0.0028951608298365215,0.003006959849065452,0.002769033488055522
509,0.0028705608424250827,0.002985724365583273,0.00274064062360787
510,0.002903894196744218,0.0030114935108959072,0.0027825102854444825
511,0.0028664508053675443,0.002991785544601053,0.0027250626919358366
512,0.0029140614147175744,0.003018407181676741,0.0027963523517804917
513,0.0028757028389872624,0.0029743125031918586,0.0027644673428225395
514,0.002891172810147206,0.003007747566873076,0.0027596757305089876
515,0.0028685563893029184,0.002971629144134696,0.002752291995825039
516,0.0028959147895526406,0.0029963152530142153,0.002782667213298305
517,0.0028851581031851697,0.0029886597250070837,0.0027684156707666737
518,0.002864688526688501,0.002978220342122244,0.0027366356049297433
519,0.0028746847058599345,0.0029840335118198635,0.0027513528322669293
520,0.0028873523015227882,0.002982707562470677,0.002779805896371001
521,0.0028427644994937712,0.0029502862998557213,0.002721499479987254
522,0.0031346015589819713,0.00313164566577685,0.003137935409228308
523,0.017101143192819725,0.016634274838548718,0.0176276354556621
524,0.0029037556578075945,0.003114540318045953,0.002666196978716838
525,0.0028076252260367677,0.0029846657457940204,0.0026080929156806734
526,0.002776879480936461,0.00294135393800609,0.002591507930327395
527,0.0027612668245729772,0.0029190616526951394,0.002583423043798768
528,0.0027541990481279414,0.002906787529060937,0.0025822232463255977
529,0.002754359863547966,0.0028994495491262034,0.002590835244968684
530,0.0027421911298814747,0.0028875845606730443,0.002578325301521655
531,0.0027358809255552713,0.0028797010373738077,0.0025737886810957484
532,0.0027349274558476125,0.002875396699616403,0.0025766121007201044
533,0.0027328607146487093,0.002872263944491443,0.00257574799329494
534,0.002753846643661911,0.0028886224514795373,0.0026019499213858085
535,0.0027993158790085354,0.0029122959140387146,0.002671984948612975
536,0.0028006612661887298,0.002902365585958416,0.0026860402972258704
537,0.0028085338088185197,0.0029035235656368914,0.00270148284846183
538,0.0027894027498221456,0.0028964897448366337,0.0026687221234720764
539,0.002802422552397757,0.0029002920856153725,0.0026921313914536225
540,0.0027772177650470927,0.0028785820650595304,0.0026629909830675883
541,0.002806355377113578,0.0028949022137870393,0.002706574323126162
542,0.0027927687542155535,0.002892604972602743,0.002680269850775449
543,0.0027944772960524066,0.0028891498646275563,0.002687799915991197
544,0.002807232106781819,0.00289597792663809,0.0027072354680811516
545,0.0027961769033072875,0.0028934265378712104,0.002686601212116504
546,0.002792246745560657,0.0028812020988852687,0.0026920192705636673
547,0.0027992198634140117,0.00290253628374576,0.0026828145274346827
548,0.0028023284841140715,0.0028925123765613093,0.002700722004954863
549,0.0028207243674180722,0.0029132849409837613,0.0027164429816596133
550,0.002782538723708554,0.00288156690217103,0.0026709740355874254
551,0.0028453565818831474,0.0029271509418395732,0.002753210025886544
552,0.0027656269476118715,0.0028651210178404747,0.0026535432282458952
553,0.0027842911411867,0.0028677926530515908,0.0026902259360396803
554,0.002784228220469121,0.0028614651863322115,0.0026972230636712275
555,0.0027773179410194807,0.0028606360670028613,0.002683465484285144
556,0.002799317019643507,0.00287896612038215,0.0027096004159462574
557,0.0028112920828991467,0.0028995803458559694,0.002711847713781577
558,0.0027678664585556647,0.0028568589942285206,0.002667631751697774
559,0.0027800909539853983,0.002859048333696344,0.0026911614707323035
560,0.010380686648810903,0.010255551553622943,0.010521620848319597
561,0.0028171406922429198,0.0029881531984140776,0.0026245940090956713
562,0.0027079739128098345,0.0028474202421917157,0.0025509671293989277
563,0.002688660001796153,0.002819290194152431,0.0025415799387664808
564,0.0026815303206218014,0.0028061488234071117,0.002541220603473108
565,0.002674833633889905,0.0027956235518848353,0.0025388362765726116
566,0.0026739102463717713,0.0027906521896107327,0.002542471628391532
567,0.0026671730659224772,0.002784052703793001,0.0025355813864881946
568,0.0026652763381299345,0.0027810698751397807,0.0025349088492944384
569,0.0026797852220220696,0.002789268535891115,0.00255652416657393
570,0.002686997087709982,0.0027899853838137304,0.002571049920104519
571,0.0027082192175316086,0.0028051026071412395,0.002599147701109148
572,0.0027263808943745163,0.002822385835132063,0.0026183006814633958
573,0.002730034143579277,0.0028139432995683616,0.0026355733168358453
574,0.0027282424859062892,0.002800226333842735,0.0026472090799925904
575,0.002722767066455098,0.0027942717254086577,0.0026422760148316323
576,0.002732736686470382,0.002807677182547673,0.00264838066027321
577,0.002749330557017314,0.0028389478408063604,0.0026484568217637564
578,0.0027292456285030854,0.0028079590440323256,0.0026406475573288973
579,0.0027241828766736116,0.002799208332417589,0.0026397387299573784
580,0.0027259998940721607,0.0028023076116700063,0.002640114894908185
581,0.0027359642389446796,0.0028141479435931853,0.0026479713440016664
582,0.0027271633229284274,0.002798476679758592,0.002646904584547185
583,0.002736499413114154,0.002812054114077579,0.002651470433450257
584,0.002721831150766876,0.0027808062003154043,0.002655463267324699
585,0.0027569257207402977,0.0028294809350762704,0.0026752785309170834
586,0.0027308980699139412,0.0027954015819675695,0.002658314233871572
587,0.0027695492949487283,0.0028238256598324186,0.0027084755287929015
588,0.0026950151847694257,0.0027679036714776295,0.0026130017452882697
589,0.0027456269717088554,0.002798589216921516,0.0026860361956436225
590,0.0027026805245891363,0.0027757029900459026,0.002620522654850525
591,0.0042709755015117356,0.004258976440237026,0.0042844749704906435
592,0.010197227893660616,0.0108049902759229,0.009513527761693254
593,0.002722561585180687,0.0028590684864820554,0.0025689951826188
594,0.0026590668248257254,0.0027767170027763856,0.0025267147369720418
595,0.0026479874328343253,0.0027555163192440465,0.0025270231011690516
596,0.0026308721039594724,0.0027368410180012384,0.0025116646276655222
597,0.0026228077559158056,0.002726445988178103,0.002506224055200665
598,0.002621494960322073,0.002721033527073686,0.0025095248293846547
599,0.0026169567618218033,0.002715812415129157,0.002505757161557223
600,0.0026299281850118528,0.002722952886475156,0.0025252895006401973
601,0.002675750137617191,0.0027439702899580954,0.0025990144961109064
602,0.002678191303416635,0.002738960256630724,0.002609839037324142
603,0.0026822923165228632,0.0027394765479998155,0.00261797446221339
604,0.002637857406616512,0.00271811747848235,0.002547588705019367
605,0.0026929551674372922,0.002743545517494733,0.002636058166660745
606,0.0026468014970158385,0.0027236540618380814,0.0025603715377398814
607,0.0026999507146426524,0.002749858880321486,0.0026438247525330744
608,0.002639979956615152,0.0027119291574703623,0.0025590702590316235
609,0.0026821426087708183,0.002738173239666856,0.002619136068405527
610,0.0026615523789642434,0.002721203208872766,0.002594477344172621
611,0.002662702322457776,0.002724645802788813,0.0025930519243984513
612,0.0026675468037902104,0.0027234266168729526,0.0026047169207360104
613,0.0026801841808577077,0.002732804480168705,0.002621021368681933
614,0.002671324179949935,0.002735457778202765,0.0025992192930043346
615,0.0026684974865856196,0.00272088504932595,0.002609600792780067
616,0.002686994444259038,0.0027405899606005413,0.0026267422857045226
617,0.002672561437286662,0.002735193966972557,0.0026021523405844816
618,0.0026582838929813317,0.0027122389233548835,0.002597632502779515
619,0.0026676420573935366,0.0027185929021939182,0.002610369303235502
620,0.0026626274027306625,0.002720066731927371,0.0025980635710775553
621,0.0026631492585169544,0.0027100399508131574,0.00261044456162537
622,0.0027049987369941342,0.0027574668544335197,0.0026460279442482824
623,0.0026399988182491123,0.0026958332716891862,0.002577246380781736
624,0.0026637714737179604,0.002710427639704913,0.0026113367710036764
625,0.0026650270353061984,0.002707029135446205,0.002617824782683241
626,0.0026495658787851683,0.00270080588513402,0.0025919844241191945
627,0.002668008123609153,0.0027117371121703677,0.0026188695031886147
628,0.0026331215090297086,0.0026834041581047002,0.0025766209623955113
629,0.0026748717052278797,0.002722423083873259,0.0026214419760637814
630,0.0030758335593749175,0.0030625847902036075,0.0030907194172455506
631,0.002585335091377298,0.0026586352508853783,0.0025029839957227008
632,0.002598709382135609,0.0026593341614411336,0.002530601146075912
633,0.0026125928123641494,0.0026601239465026544,0.0025591959969864953
634,0.00261126383856842,0.0026604070521025645,0.0025560578820530817
635,0.0026626267042387315,0.0027064796904045525,0.002613365666639775
636,0.00262187646861856,0.0026605883730820034,0.0025783925872258466
637,0.0026636120247080773,0.002691018439810535,0.0026328285986726933
638,0.0025997711533699373,0.002657216816030518,0.0025352502872019707
639,0.0026176812625819386,0.0026607247130625475,0.0025693385137452018
640,0.002632796983093475,0.0026772125798155263,0.0025829149555941723
641,0.002639075548322213,0.0026777880501491253,0.002595600676769861
642,0.0026178285503063842,0.002656356678485419,0.0025745621891786353
643,0.0026197542972636947,0.0026614981129614995,0.002572878708385608
644,0.004744510937745523,0.0047095531193219655,0.004783764098197071
645,0.01584672699729451,0.018009283532849467,0.013418741091483772
646,0.002727596644274514,0.002864217578499305,0.002574122082818337
647,0.002606025786430697,0.0027108731340955605,0.002488245237430539
648,0.002572947195872213,0.0026670892539462357,0.0024671938453772755
649,0.002557525872205845,0.002645950136480458,0.0024581973092875097
650,0.0025494331823229187,0.0026339597957716746,0.002454485497296308
651,0.0025482853625270756,0.0026275902572605345,0.002459204906240256
652,0.002540458325353084,0.0026183031203055925,0.002453020369314184
653,0.002534246820053368,0.0026118500684999455,0.002447082261282085
654,0.00253241349275064,0.0026080692304542873,0.002447438713238396
655,0.002532559026013872,0.002605313508103442,0.0024508450678878964
656,0.002537480158016387,0.002609457985281643,0.002456640431920838
657,0.0025600211487876046,0.002625723322383081,0.002486231821504506
658,0.0025777404474075696,0.0026238019051350128,0.002526011101600498
659,0.0025730395849530743,0.0026186899907623576,0.0025217737790874458
660,0.00257305521517992,0.002618521924666835,0.002521997910331596
661,0.0026068506419018966,0.0026474628418759263,0.0025612468186841167
662,0.002543534610815572,0.002604617572605911,0.00247494646846646
663,0.0025735254978027306,0.0026169227803069534,0.0025247982726667568
664,0.002566634649128625,0.0026113044334142798,0.002516479833484298
665,0.002581727977917351,0.0026136274505971055,0.002545913408576238
666,0.0025681332812051883,0.002611350416290489,0.002519614011463192
667,0.0026011689274449542,0.0026230636132749344,0.002576589264502429
668,0.0025454539937352894,0.002600765192053384,0.0024833628070550133
669,0.002580371852305652,0.002616666638377038,0.0025396290884325
670,0.0025731155630012957,0.0026135391278211215,0.00252774055821426
671,0.0025814881623543876,0.0026156285570727456,0.0025431676250365046
672,0.0025598639034374493,0.0026023339367274084,0.002512195928379743
673,0.0025897615123540163,0.0026187812721337935,0.00255719092063079
674,0.002569852051127589,0.0026002005918534716,0.002535792048832383
675,0.00256057740941719,0.002599496916500908,0.0025169001139625155
676,0.002588470050161987,0.0026273200373080645,0.002544872789653112
677,0.002561518360362059,0.0025929884510020717,0.002526204635605517
678,0.002578186099370471,0.002604610634723095,0.002548535396768288
679,0.00255304828728314,0.0025939974731605765,0.002507101429268868
680,0.0025664772132806706,0.0026000679559968036,0.00252878846073843
681,0.0026016771285371347,0.002635304804308095,0.002563948423197173
682,0.0025572083053188492,0.002589062550058118,0.0025214715625601586
683,0.0025499832600054113,0.0025816561531915205,0.0025144514293795584
684,0.00257884104726742,0.0026018396631410025,0.0025530409331273552
685,0.0025429049191638977,0.0025758023651297948,0.0025060026873505174
686,0.0025561527640681073,0.0025874896920427227,0.002521002578144573
687,0.0025658169055752683,0.0025950921793477704,0.002532980710531425
688,0.0025529754536245206,0.002584433060779114,0.0025176935020194513
689,0.0025707509514471196,0.0025958717904157108,0.0025425774299285627
690,0.002545112661659868,0.002575879653144364,0.002510608345590005
691,0.0025377940325386297,0.002571023034044739,0.0025005302994013435
692,0.0025504899959108143,0.0025736741636964407,0.0025244918252068636
693,0.002563764432896719,0.002589723471589763,0.0025346562774343924
694,0.0025345496151295273,0.002567515452157217,0.0024975860289138075
695,0.002548735969784585,0.0025718784491258737,0.0025227879870193775
696,0.0025512347059004534,0.0025757102935452655,0.0025237935284773507
697,0.0025465428156571258,0.002566461745329728,0.0025242116452768595
698,0.01373371291162465,0.014216163861236036,0.01319285787670224
699,0.0025862607319434784,0.0026927480634038495,0.0024668950695694997
700,0.002504324128926553,0.0025872777761759783,0.0024113397706638684
701,0.002481461542592657,0.002556278631373337,0.002397599279635934
702,0.0024718496633336097,0.002542143981583943,0.0023930590421036638
703,0.0024693392574636625,0.0025358289066288206,0.0023948151613538615
704,0.002463633573209547,0.0025283984129665176,0.002391044899463804
705,0.0024574773922336826,0.002520891134580127,0.0023864046153095034
706,0.0024555140066741393,0.0025168447402503452,0.0023867781344575414
707,0.002454697279109046,0.00251401581735623,0.0023882186670571267
708,0.0024566211798839797,0.0025138890610612702,0.002392442426597229
709,0.0024714987428689546,0.00251943033395542,0.002417784621656844
710,0.002495891685042568,0.002530495913680455,0.0024571144421857718
711,0.0025148320157607697,0.002550688400544753,0.002474653431110912
712,0.0024855665702636196,0.0025258976143004014,0.002440375661609149
713,0.002510637715176651,0.0025355604528966877,0.002482712995543173
714,0.0024913262994489586,0.00252910339828543,0.002449000917487975
715,0.002500168198362143,0.0025293335196270483,0.002467492348373388
716,0.002484707154728698,0.0025264661561584835,0.0024379239008395057
717,0.002488298903717989,0.002522709374927511,0.0024497499736496294
718,0.0025222147226973313,0.0025453496550332114,0.0024962986259711812
719,0.002490869504540707,0.0025311576465916153,0.0024457403642097206
720,0.002490675156804347,0.0025189849806742538,0.0024589649660305846
721,0.0024891795820998724,0.002518526384268295,0.0024563087188083717
722,0.002492809517666547,0.0025211014864834572,0.002461121998482732
723,0.002501800832705516,0.0025312897462322556,0.0024687737141820517
724,0.002496844656163394,0.002525791572877253,0.002464426105202298
725,0.0025107244293045517,0.0025314833061073467,0.0024874769127692536
726,0.0024782793709274492,0.0025132130314078596,0.0024391596012682927
727,0.0024897782790540444,0.0025166047412450566,0.0024597384811689458
728,0.0024870801999261885,0.0025185227083663144,0.002451873403230701
729,0.002500862358232038,0.0025294289566726996,0.002468876829935294
730,0.002480393404968911,0.0025036019070845362,0.0024544085267780708
731,0.002501151752611152,0.0025344563111888638,0.002463864948073722
732,0.0024842340263980206,0.002512629296762323,0.0024524442639879203
733,0.0024693420043948927,0.0024984322013239368,0.0024367764973166313
734,0.0024820813800989078,0.0025073485684138958,0.0024537966854757433
735,0.0025045446171942684,0.0025249332579962832,0.002481721976602619
736,0.0024722050169877934,0.002503954680787042,0.0024366668411389446
737,0.0024644622809695776,0.002493953038326869,0.002431453621918053
738,0.0024866260508207057,0.002514129775021263,0.0024558427588393292
739,0.002484453877321247,0.002505949098673282,0.0024603973283912196
740,0.002454967729540335,0.002486292122289388,0.0024199115578085184
741,0.0024731042301000066,0.0025002877322035004,0.0024426837117796896
742,0.0024774995105660926,0.002503903712042504,0.0024479520765857566
743,0.0024579437708275188,0.002486436968819812,0.002426060132983357
744,0.0024790270301052416,0.0024992700153491413,0.002456376472525675
745,0.0024476030211180748,0.0024843343152579937,0.0024065050870330645
746,0.0024902042297815733,0.0025085465573338847,0.0024696823275375244
747,0.002455847596542703,0.002483564116192436,0.002424838813962509
748,0.002456006252987668,0.0024892074770924417,0.002418863213141308
749,0.002444180241324986,0.0024717403081894822,0.0024133489627127694
750,0.0024578638393620046,0.0024832002207110025,0.0024295212451669605
751,0.002472324920065626,0.0024947576798649146,0.0024472323147523584
752,0.0024399144217522456,0.0024754140629536575,0.00240020655246094
753,0.002453679936194811,0.002478056904775175,0.0024264142848551273
754,0.0024425426305205835,0.002467519725964527,0.002414607000772399
755,0.0024350795194017466,0.002475555522856538,0.002389811517934155
756,0.00246444896493822,0.002473960296636579,0.0024538119182442174
757,0.002442850705443157,0.0024768628057732123,0.0024048151246112105
758,0.0024272388298854685,0.0024590987613368216,0.0023916117150825683
759,0.0024455890384022937,0.0024760646740858904,0.0024115111692949677
760,0.002430393621607712,0.0024594245337401376,0.002397932777783335
761,0.0024492230120519497,0.0024698169248159787,0.00242619674342374
762,0.0024165812823357005,0.0024522973572590734,0.00237664839045869
763,0.0024384900744101315,0.0024648722251783117,0.002408994533441434
764,0.002439705323371472,0.002474219787564844,0.002401119392045369
765,0.0024111124291790256,0.002443510192361745,0.0023748946606623705
766,0.0024287563753361352,0.002457799975562728,0.002396289459100426
767,0.0024203555117539985,0.0024544231974604454,0.0023822738963056997
768,0.002423896477792901,0.0024565115307617668,0.0023874399073497213
769,0.0024422060044463536,0.0024643062091799397,0.002417503632699149
770,0.002403245349837975,0.002447917086138117,0.0023533162317530376
771,0.0024095228261718847,0.002442487800079915,0.0023726794040865367
772,0.0024087144358252936,0.002440298782812074,0.0023734151536241323
773,0.0024181875668353205,0.0024482081150353856,0.002384637346058482
774,0.00239071844503133,0.002428476084870371,0.0023485232342147465
775,0.002414344678247216,0.002448535239737895,0.0023761376164703057
776,0.0024109159883186973,0.0024404519665610007,0.002377911317961836
777,0.002400916994013118,0.002436260168318345,0.0023614249305065832
778,0.002404432687343973,0.0024407060859216886,0.0023639024555156328
779,0.002395092323892797,0.0024274864981910496,0.002358898064215677
780,0.002413236853581938,0.0024463110227100175,0.0023762845961057175
781,0.0023968052213089635,0.0024419923035446742,0.002346321547667336
782,0.0023829113395715303,0.00242458281079025,0.0023363569440941014
783,0.002396905303208364,0.0024277650106773532,0.002362430737720746
784,0.002378172572758613,0.002420745441934677,0.002330614606652296
785,0.002390664861057744,0.0024321845619741716,0.0023442851120813023
786,0.002387894016474184,0.0024243270898369525,0.0023471975694363467
787,0.0023701479540893223,0.0024108786178244786,0.002324653041520805
788,0.0024054020577383164,0.0024367256320523794,0.0023704153447966984
789,0.002380008261293323,0.0024251679494751224,0.0023295700272564033
790,0.0023722523432977575,0.0024204460193751136,0.002318426870242363
791,0.002370954378310478,0.0024173562062170468,0.0023191320484108996
792,0.002378123045682606,0.0024156962460226785,0.0023361623306015523
793,0.0023585619861165984,0.002408681641981909,0.0023025915548769813
794,0.002362705303845231,0.002407506378743835,0.0023126759110112683
795,0.0023656436689009873,0.0024117948957765945,0.0023141079370609737
796,0.0023699782158464492,0.002416627944889243,0.002317887241716939
797,0.0023643876581142345,0.0024041098029813682,0.0023200339919915705
798,0.002364169552244923,0.002417596181704089,0.002304515761389124
799,0.002355700793836002,0.002400069815022024,0.0023061616717828344
800,0.0023448526732284913,0.002399282031363309,0.002284082786340003
801,0.0023491351766455355,0.002398994186836662,0.0022934699746206253
802,0.002370692483817387,0.0024130633571232208,0.0023233886747009527
803,0.005023549172105362,0.005321293709460984,0.004691152276019707
804,0.007095297784403418,0.007664855811839001,0.006459444450835387
805,0.0023415937709311643,0.002442185360129283,0.0022292839565474275
806,0.002304339466259034,0.0023966627124922743,0.002201261984259643
807,0.0022951655908290186,0.002383722117020175,0.0021962945918656057
808,0.0022876792742560306,0.002374289825445775,0.0021909820339219136
809,0.0022816760512539233,0.00236837166559064,0.002184885572830234
810,0.002279084733207569,0.002364850038606109,0.0021833340482165418
811,0.0022791157843488636,0.0023627161504606708,0.0021857836876403203
812,0.002278498418610355,0.002362886034516674,0.0021842884680613726
813,0.002300766155575261,0.0023785374442472904,0.002213943918997591
814,0.00229582690746721,0.002369817489795763,0.0022132269840574627
815,0.0023134385348495207,0.0023749395899211215,0.0022447822695466305
816,0.002310606004256341,0.002381169411231472,0.0022318356604588154
817,0.0022929067290717304,0.0023689011130670103,0.0022080751827381778
818,0.002304328963009998,0.0023710259866684376,0.0022298771361208927
819,0.002308222787417095,0.0023775994025095545,0.0022307818619101637
